,Spawn_Chance,Extra
0,0.001,0.0
1,0.002,0.0
2,0.003,1.0
3,0.004,0.0
4,0.005,1.0
5,0.006,0.0
6,0.007,1.0
7,0.008,1.0
8,0.009000000000000001,1.0
9,0.010000000000000002,1.0
10,0.011,0.0
11,0.012,3.0
12,0.013000000000000001,1.0
13,0.014000000000000002,3.0
14,0.015,2.0
15,0.016,2.0
16,0.017,3.0
17,0.018000000000000002,2.0
18,0.019000000000000003,3.0
19,0.02,3.0
20,0.021,2.0
21,0.022000000000000002,2.0
22,0.023,2.0
23,0.024,4.0
24,0.025,2.0
25,0.026000000000000002,3.0
26,0.027000000000000003,2.0
27,0.028,3.0
28,0.029,4.0
29,0.030000000000000002,5.0
30,0.031,5.0
31,0.032,5.0
32,0.033,6.0
33,0.034,4.0
34,0.035,5.0
35,0.036000000000000004,6.0
36,0.037000000000000005,4.0
37,0.038,5.0
38,0.039,5.0
39,0.04,7.0
40,0.041,8.0
41,0.042,6.0
42,0.043000000000000003,10.0
43,0.044000000000000004,8.0
44,0.045,8.0
45,0.046,10.0
46,0.047,8.0
47,0.048,7.0
48,0.049,10.0
49,0.05,14.0
50,0.051000000000000004,11.0
51,0.052000000000000005,20.0
52,0.053000000000000005,9.0
53,0.054,14.0
54,0.055,13.0
55,0.056,16.0
56,0.057,39.0
57,0.058,23.0
58,0.059000000000000004,82.0
59,0.060000000000000005,133.0
